1000
0 217 0
0 235 0
1 272 0
1 280 0
2 566 0
2 261 0
3 107 0
3 762 0
4 514 0
4 413 0
5 222 0
5 170 0
6 385 0
6 697 0
7 280 0
7 160 0
8 398 0
8 391 0
9 619 0
9 926 0
10 277 0
10 235 0
11 763 0
11 393 0
12 231 0
12 107 0
13 806 0
13 250 0
14 798 0
14 937 0
15 235 0
15 770 0
16 474 0
16 514 0
17 257 0
17 472 0
18 386 0
18 899 0
19 916 0
19 107 0
20 823 0
20 312 0
21 598 0
21 286 0
22 735 0
22 769 0
23 472 0
23 912 0
24 712 0
24 815 0
25 555 0
25 762 0
26 529 0
26 525 0
27 286 0
27 229 0
28 472 0
28 57 0
29 120 0
29 42 0
30 659 0
30 724 0
31 386 0
31 400 0
32 290 0
32 472 0
33 926 0
33 232 0
34 210 0
34 228 0
35 120 0
35 385 0
36 594 0
36 386 0
37 393 0
37 696 0
38 786 0
38 638 0
39 286 0
39 127 0
40 890 0
40 222 0
41 21 0
41 107 0
42 594 0
42 391 0
43 503 0
43 42 0
44 17 0
44 400 0
45 122 0
45 501 0
46 762 0
46 131 0
47 277 0
47 861 0
48 122 0
48 986 0
49 74 0
49 328 0
50 286 0
50 690 0
51 416 0
51 27 0
52 860 0
52 17 0
53 420 0
53 613 0
54 539 0
54 222 0
55 416 0
55 778 0
56 624 0
56 242 0
57 778 0
57 184 0
58 242 0
58 312 0
59 614 0
59 250 0
60 204 0
60 365 0
61 798 0
61 539 0
62 42 0
62 891 0
63 656 0
63 228 0
64 890 0
64 758 0
65 679 0
65 525 0
66 518 0
66 980 0
67 17 0
67 770 0
68 789 0
68 315 0
69 235 0
69 798 0
70 762 0
70 789 0
71 557 0
71 5 0
72 891 0
72 946 0
73 563 0
73 45 0
74 882 0
74 107 0
75 42 0
75 274 0
76 242 0
76 789 0
77 400 0
77 170 0
78 882 0
78 769 0
79 261 0
79 933 0
80 137 0
80 286 0
81 907 0
81 514 0
82 420 0
82 455 0
83 63 0
83 744 0
84 416 0
84 391 0
85 21 0
85 107 0
86 842 0
86 601 0
87 943 0
87 842 0
88 891 0
88 268 0
89 798 0
89 906 0
90 248 0
90 579 0
91 345 0
91 81 0
92 290 0
92 309 0
93 33 0
93 882 0
94 172 0
94 290 0
95 721 0
95 762 0
96 937 0
96 941 0
97 786 0
97 740 0
98 937 0
98 789 0
99 952 0
99 534 0
100 555 0
100 27 0
101 137 0
101 767 0
102 835 0
102 474 0
103 689 0
103 146 0
104 350 0
104 481 0
105 514 0
105 420 0
106 478 0
106 507 0
107 258 0
107 526 0
108 547 0
108 6 0
109 75 0
109 420 0
110 414 0
110 735 0
111 626 0
111 434 0
112 312 0
112 257 0
113 391 0
113 178 0
114 472 0
114 488 0
115 518 0
115 20 0
116 355 0
116 267 0
117 885 0
117 454 0
118 912 0
118 312 0
119 786 0
119 102 0
120 527 0
120 290 0
121 85 0
121 789 0
122 393 0
122 624 0
123 242 0
123 312 0
124 232 0
124 937 0
125 350 0
125 539 0
126 874 0
126 966 0
127 815 0
127 14 0
128 381 0
128 723 0
129 315 0
129 437 0
130 598 0
130 689 0
131 943 0
131 460 0
132 762 0
132 656 0
133 234 0
133 560 0
134 23 0
134 472 0
135 629 0
135 260 0
136 392 0
136 213 0
137 183 0
137 416 0
138 598 0
138 557 0
139 418 0
139 813 0
140 204 0
140 772 0
141 350 0
141 789 0
142 842 0
142 881 0
143 528 0
143 350 0
144 919 0
144 672 0
145 745 0
145 891 0
146 17 0
146 890 0
147 948 0
147 999 0
148 229 0
148 19 0
149 290 0
149 937 0
150 222 0
150 711 0
151 594 0
151 74 0
152 672 0
152 312 0
153 507 0
153 762 0
154 594 0
154 861 0
155 789 0
155 659 0
156 783 0
156 222 0
157 755 0
157 696 0
158 437 0
158 416 0
159 175 0
159 723 0
160 228 0
160 860 0
161 547 0
161 727 0
162 85 0
162 85 1
163 74 0
163 890 0
164 860 0
164 511 0
165 27 0
165 472 0
166 420 0
166 855 0
167 27 0
167 276 0
168 170 0
168 598 0
169 178 0
169 234 0
170 170 0
170 560 0
171 392 0
171 277 0
172 228 0
172 675 0
173 941 0
173 2 0
174 890 0
174 789 0
175 704 0
175 21 0
176 638 0
176 744 0
177 696 0
177 437 0
178 860 0
178 42 0
179 391 0
179 779 0
180 555 0
180 21 0
181 815 0
181 891 0
182 772 0
182 890 0
183 395 0
183 525 0
184 420 0
184 454 0
185 798 0
185 477 0
186 14 0
186 762 0
187 766 0
187 391 0
188 980 0
188 437 0
189 926 0
189 235 0
190 127 0
190 507 0
191 42 0
191 229 0
192 778 0
192 689 0
193 460 0
193 234 0
194 232 0
194 237 0
195 478 0
195 529 0
196 735 0
196 148 0
197 882 0
197 912 0
198 234 0
198 276 0
199 470 0
199 672 0
200 108 0
200 659 0
201 235 0
201 755 0
202 406 0
202 921 0
203 740 0
203 565 0
204 555 0
204 502 0
205 27 0
205 557 0
206 290 0
206 328 0
207 954 0
207 286 0
208 82 0
208 312 0
209 740 0
209 547 0
210 686 0
210 518 0
211 937 0
211 420 0
212 27 0
212 638 0
213 235 0
213 820 0
214 706 0
214 646 0
215 77 0
215 842 0
216 56 0
216 213 0
217 381 0
217 920 0
218 515 0
218 697 0
219 580 0
219 416 0
220 525 0
220 25 0
221 420 0
221 861 0
222 714 0
222 890 0
223 290 0
223 107 0
224 891 0
224 437 0
225 107 0
225 85 0
226 543 0
226 555 0
227 891 0
227 367 0
228 434 0
228 137 0
229 276 0
229 840 0
230 312 0
230 172 0
231 879 0
231 806 0
232 399 0
232 350 0
233 204 0
233 210 0
234 420 0
234 488 0
235 275 0
235 555 0
236 102 0
236 280 0
237 437 0
237 890 0
238 48 0
238 488 0
239 234 0
239 601 0
240 907 0
240 847 0
241 222 0
241 980 0
242 598 0
242 312 0
243 45 0
243 638 0
244 323 0
244 110 0
245 656 0
245 778 0
246 835 0
246 127 0
247 23 0
247 460 0
248 624 0
248 926 0
249 60 0
249 912 0
250 472 0
250 243 0
251 242 0
251 744 0
252 107 0
252 840 0
253 943 0
253 798 0
254 420 0
254 42 0
255 357 0
255 460 0
256 656 0
256 290 0
257 274 0
257 602 0
258 406 0
258 861 0
259 213 0
259 312 0
260 891 0
260 222 0
261 441 0
261 937 0
262 460 0
262 228 0
263 286 0
263 400 0
264 697 0
264 465 0
265 819 0
265 815 0
266 27 0
266 557 0
267 48 0
267 621 0
268 386 0
268 811 0
269 57 0
269 27 0
270 883 0
270 795 0
271 381 0
271 137 0
272 15 0
272 638 0
273 74 0
273 277 0
274 172 0
274 689 0
275 638 0
275 745 0
276 941 0
276 312 0
277 290 0
277 359 0
278 10 0
278 762 0
279 689 0
279 866 0
280 274 0
280 120 0
281 763 0
281 786 0
282 518 0
282 995 0
283 34 0
283 286 0
284 890 0
284 394 0
285 17 0
285 488 0
286 416 0
286 926 0
287 715 0
287 937 0
288 665 0
288 783 0
289 897 0
289 365 0
290 290 0
290 769 0
291 234 0
291 148 0
292 48 0
292 413 0
293 915 0
293 27 0
294 769 0
294 413 0
295 267 0
295 805 0
296 416 0
296 478 0
297 400 0
297 941 0
298 234 0
298 696 0
299 234 0
299 21 0
300 594 0
300 511 0
301 328 0
301 257 0
302 222 0
302 235 0
303 874 0
303 470 0
304 811 0
304 472 0
305 95 0
305 488 0
306 966 0
306 210 0
307 999 0
307 770 0
308 744 0
308 514 0
309 277 0
309 555 0
310 290 0
310 420 0
311 894 0
311 920 0
312 290 0
312 750 0
313 108 0
313 514 0
314 162 0
314 290 0
315 260 0
315 347 0
316 243 0
316 762 0
317 355 0
317 966 0
318 937 0
318 624 0
319 516 0
319 418 0
320 235 0
320 649 0
321 624 0
321 514 0
322 891 0
322 237 0
323 543 0
323 798 0
324 15 0
324 772 0
325 514 0
325 952 0
326 127 0
326 518 0
327 526 0
327 434 0
328 524 0
328 762 0
329 603 0
329 172 0
330 437 0
330 986 0
331 762 0
331 234 0
332 400 0
332 892 0
333 274 0
333 95 0
334 176 0
334 400 0
335 762 0
335 312 0
336 33 0
336 814 0
337 711 0
337 460 0
338 526 0
338 122 0
339 555 0
339 210 0
340 455 0
340 727 0
341 744 0
341 504 0
342 542 0
342 891 0
343 235 0
343 941 0
344 418 0
344 74 0
345 385 0
345 460 0
346 874 0
346 17 0
347 603 0
347 555 0
348 723 0
348 529 0
349 127 0
349 845 0
350 102 0
350 311 0
351 34 0
351 235 0
352 204 0
352 63 0
353 454 0
353 646 0
354 798 0
354 172 0
355 229 0
355 762 0
356 460 0
356 349 0
357 274 0
357 762 0
358 525 0
358 891 0
359 772 0
359 48 0
360 441 0
360 33 0
361 789 0
361 518 0
362 222 0
362 638 0
363 17 0
363 234 0
364 478 0
364 234 0
365 989 0
365 835 0
366 986 0
366 786 0
367 357 0
367 460 0
368 391 0
368 33 0
369 899 0
369 204 0
370 434 0
370 762 0
371 891 0
371 380 0
372 107 0
372 516 0
373 234 0
373 345 0
374 789 0
374 723 0
375 507 0
375 418 0
376 560 0
376 511 0
377 280 0
377 276 0
378 526 0
378 312 0
379 624 0
379 235 0
380 814 0
380 44 0
381 454 0
381 999 0
382 210 0
382 798 0
383 454 0
383 890 0
384 995 0
384 234 0
385 23 0
385 798 0
386 660 0
386 312 0
387 385 0
387 280 0
388 511 0
388 222 0
389 717 0
389 107 0
390 514 0
390 27 0
391 394 0
391 234 0
392 187 0
392 454 0
393 222 0
393 799 0
394 950 0
394 5 0
395 242 0
395 978 0
396 723 0
396 315 0
397 786 0
397 74 0
398 890 0
398 277 0
399 420 0
399 514 0
400 660 0
400 381 0
401 835 0
401 323 0
402 762 0
402 603 0
403 891 0
403 999 0
404 110 0
404 416 0
405 952 0
405 350 0
406 25 0
406 706 0
407 234 0
407 601 0
408 871 0
408 861 0
409 762 0
409 653 0
410 511 0
410 890 0
411 653 0
411 525 0
412 755 0
412 986 0
413 663 0
413 891 0
414 842 0
414 399 0
415 33 0
415 34 0
416 762 0
416 290 0
417 391 0
417 148 0
418 716 0
418 25 0
419 391 0
419 740 0
420 555 0
420 21 0
421 890 0
421 400 0
422 477 0
422 762 0
423 108 0
423 937 0
424 290 0
424 755 0
425 280 0
425 33 0
426 803 0
426 357 0
427 805 0
427 472 0
428 228 0
428 204 0
429 204 0
429 454 0
430 528 0
430 626 0
431 478 0
431 995 0
432 618 0
432 745 0
433 286 0
433 638 0
434 81 0
434 204 0
435 714 0
435 999 0
436 34 0
436 516 0
437 472 0
437 175 0
438 528 0
438 762 0
439 315 0
439 472 0
440 755 0
440 295 0
441 344 0
441 42 0
442 42 0
442 948 0
443 107 0
443 27 0
444 699 0
444 511 0
445 261 0
445 879 0
446 312 0
446 517 0
447 952 0
447 646 0
448 172 0
448 248 0
449 33 0
449 48 0
450 310 0
450 81 0
451 317 0
451 601 0
452 437 0
452 789 0
453 723 0
453 882 0
454 97 0
454 697 0
455 139 0
455 232 0
456 345 0
456 470 0
457 350 0
457 891 0
458 355 0
458 921 0
459 323 0
459 941 0
460 488 0
460 576 0
461 712 0
461 912 0
462 414 0
462 771 0
463 392 0
463 74 0
464 454 0
464 529 0
465 890 0
465 663 0
466 891 0
466 420 0
467 228 0
467 619 0
468 286 0
468 355 0
469 437 0
469 798 0
470 891 0
470 656 0
471 33 0
471 865 0
472 579 0
472 127 0
473 418 0
473 534 0
474 187 0
474 501 0
475 311 0
475 786 0
476 454 0
476 274 0
477 355 0
477 937 0
478 465 0
478 547 0
479 998 0
479 926 0
480 391 0
480 717 0
481 594 0
481 420 0
482 934 0
482 109 0
483 416 0
483 312 0
484 48 0
484 803 0
485 873 0
485 953 0
486 311 0
486 762 0
487 312 0
487 264 0
488 107 0
488 48 0
489 455 0
489 315 0
490 783 0
490 842 0
491 276 0
491 589 0
492 814 0
492 937 0
493 74 0
493 19 0
494 557 0
494 242 0
495 237 0
495 290 0
496 367 0
496 416 0
497 772 0
497 754 0
498 507 0
498 966 0
499 170 0
499 937 0
500 286 0
500 690 0
501 879 0
501 107 0
502 937 0
502 507 0
503 503 0
503 175 0
504 750 0
504 815 0
505 882 0
505 381 0
506 659 0
506 247 0
507 34 0
507 27 0
508 937 0
508 57 0
509 813 0
509 638 0
510 696 0
510 679 0
511 234 0
511 48 0
512 706 0
512 413 0
513 529 0
513 237 0
514 656 0
514 267 0
515 234 0
515 999 0
516 127 0
516 60 0
517 235 0
517 941 0
518 504 0
518 560 0
519 454 0
519 303 0
520 882 0
520 811 0
521 454 0
521 948 0
522 350 0
522 110 0
523 528 0
523 420 0
524 312 0
524 312 1
525 626 0
525 312 0
526 581 0
526 529 0
527 566 0
527 420 0
528 137 0
528 170 0
529 391 0
529 204 0
530 745 0
530 898 0
531 638 0
531 391 0
532 400 0
532 892 0
533 525 0
533 172 0
534 717 0
534 286 0
535 576 0
535 836 0
536 511 0
536 286 0
537 122 0
537 176 0
538 764 0
538 258 0
539 33 0
539 507 0
540 786 0
540 488 0
541 286 0
541 762 0
542 803 0
542 232 0
543 286 0
543 952 0
544 35 0
544 842 0
545 237 0
545 172 0
546 941 0
546 242 0
547 344 0
547 472 0
548 108 0
548 45 0
549 416 0
549 656 0
550 381 0
550 393 0
551 280 0
551 891 0
552 656 0
552 229 0
553 842 0
553 680 0
554 823 0
554 33 0
555 775 0
555 417 0
556 891 0
556 454 0
557 943 0
557 795 0
558 381 0
558 327 0
559 246 0
559 312 0
560 399 0
560 547 0
561 33 0
561 274 0
562 762 0
562 525 0
563 228 0
563 234 0
564 899 0
564 699 0
565 594 0
565 813 0
566 312 0
566 507 0
567 626 0
567 699 0
568 762 0
568 170 0
569 624 0
569 127 0
570 391 0
570 798 0
571 454 0
571 566 0
572 355 0
572 274 0
573 979 0
573 82 0
574 769 0
574 898 0
575 535 0
575 359 0
576 552 0
576 638 0
577 638 0
577 478 0
578 42 0
578 311 0
579 518 0
579 104 0
580 42 0
580 34 0
581 769 0
581 798 0
582 890 0
582 798 0
583 811 0
583 418 0
584 406 0
584 381 0
585 638 0
585 206 0
586 383 0
586 406 0
587 449 0
587 127 0
588 295 0
588 312 0
589 204 0
589 823 0
590 312 0
590 237 0
591 564 0
591 697 0
592 365 0
592 643 0
593 350 0
593 813 0
594 420 0
594 234 0
595 500 0
595 74 0
596 528 0
596 798 0
597 979 0
597 317 0
598 786 0
598 472 0
599 823 0
599 516 0
600 921 0
600 420 0
601 391 0
601 276 0
602 772 0
602 204 0
603 891 0
603 656 0
604 478 0
604 441 0
605 699 0
605 280 0
606 310 0
606 626 0
607 274 0
607 950 0
608 222 0
608 842 0
609 511 0
609 274 0
610 454 0
610 33 0
611 127 0
611 890 0
612 259 0
612 518 0
613 381 0
613 16 0
614 472 0
614 357 0
615 74 0
615 769 0
616 213 0
616 920 0
617 706 0
617 618 0
618 260 0
618 885 0
619 806 0
619 624 0
620 34 0
620 646 0
621 85 0
621 355 0
622 391 0
622 391 1
623 472 0
623 899 0
624 980 0
624 465 0
625 598 0
625 280 0
626 23 0
626 786 0
627 755 0
627 48 0
628 260 0
628 27 0
629 204 0
629 277 0
630 472 0
630 798 0
631 21 0
631 509 0
632 229 0
632 386 0
633 789 0
633 656 0
634 420 0
634 286 0
635 534 0
635 790 0
636 786 0
636 437 0
637 127 0
637 472 0
638 941 0
638 778 0
639 399 0
639 503 0
640 580 0
640 885 0
641 213 0
641 488 0
642 472 0
642 769 0
643 57 0
643 420 0
644 638 0
644 806 0
645 937 0
645 417 0
646 290 0
646 665 0
647 455 0
647 27 0
648 392 0
648 74 0
649 789 0
649 234 0
650 107 0
650 350 0
651 472 0
651 418 0
652 518 0
652 686 0
653 257 0
653 400 0
654 882 0
654 594 0
655 798 0
655 392 0
656 312 0
656 899 0
657 845 0
657 815 0
658 937 0
658 948 0
659 274 0
659 702 0
660 798 0
660 507 0
661 367 0
661 210 0
662 437 0
662 85 0
663 311 0
663 763 0
664 216 0
664 280 0
665 979 0
665 85 0
666 601 0
666 890 0
667 699 0
667 478 0
668 772 0
668 305 0
669 108 0
669 789 0
670 769 0
670 237 0
671 295 0
671 706 0
672 391 0
672 437 0
673 769 0
673 315 0
674 598 0
674 437 0
675 507 0
675 472 0
676 814 0
676 514 0
677 937 0
677 234 0
678 243 0
678 578 0
679 557 0
679 242 0
680 585 0
680 547 0
681 2 0
681 477 0
682 472 0
682 555 0
683 890 0
683 585 0
684 948 0
684 344 0
685 406 0
685 916 0
686 318 0
686 385 0
687 618 0
687 280 0
688 268 0
688 954 0
689 711 0
689 420 0
690 392 0
690 537 0
691 881 0
691 813 0
692 514 0
692 243 0
693 381 0
693 656 0
694 27 0
694 811 0
695 418 0
695 953 0
696 798 0
696 712 0
697 222 0
697 472 0
698 477 0
698 770 0
699 525 0
699 454 0
700 778 0
700 355 0
701 22 0
701 273 0
702 109 0
702 966 0
703 598 0
703 345 0
704 555 0
704 42 0
705 626 0
705 472 0
706 286 0
706 899 0
707 204 0
707 48 0
708 723 0
708 642 0
709 789 0
709 176 0
710 2 0
710 344 0
711 941 0
711 42 0
712 689 0
712 21 0
713 273 0
713 261 0
714 228 0
714 400 0
715 138 0
715 472 0
716 400 0
716 472 0
717 842 0
717 217 0
718 472 0
718 420 0
719 472 0
719 803 0
720 27 0
720 770 0
721 437 0
721 986 0
722 594 0
722 966 0
723 798 0
723 290 0
724 946 0
724 85 0
725 580 0
725 736 0
726 948 0
726 295 0
727 348 0
727 717 0
728 286 0
728 280 0
729 697 0
729 317 0
730 170 0
730 74 0
731 806 0
731 139 0
732 311 0
732 891 0
733 229 0
733 770 0
734 27 0
734 27 1
735 581 0
735 763 0
736 77 0
736 127 0
737 795 0
737 437 0
738 344 0
738 948 0
739 42 0
739 81 0
740 345 0
740 527 0
741 344 0
741 204 0
742 974 0
742 952 0
743 526 0
743 290 0
744 565 0
744 516 0
745 242 0
745 290 0
746 23 0
746 33 0
747 672 0
747 138 0
748 601 0
748 679 0
749 735 0
749 416 0
750 234 0
750 48 0
751 842 0
751 407 0
752 679 0
752 355 0
753 290 0
753 795 0
754 860 0
754 626 0
755 803 0
755 937 0
756 769 0
756 391 0
757 624 0
757 621 0
758 594 0
758 34 0
759 172 0
759 511 0
760 312 0
760 750 0
761 27 0
761 890 0
762 750 0
762 295 0
763 891 0
763 937 0
764 601 0
764 750 0
765 120 0
765 395 0
766 723 0
766 789 0
767 222 0
767 890 0
768 97 0
768 416 0
769 845 0
769 803 0
770 472 0
770 534 0
771 474 0
771 83 0
772 27 0
772 762 0
773 555 0
773 454 0
774 204 0
774 594 0
775 557 0
775 815 0
776 274 0
776 311 0
777 798 0
777 488 0
778 814 0
778 27 0
779 511 0
779 891 0
780 381 0
780 942 0
781 968 0
781 810 0
782 312 0
782 392 0
783 626 0
783 274 0
784 33 0
784 503 0
785 127 0
785 307 0
786 204 0
786 772 0
787 416 0
787 420 0
788 786 0
788 107 0
789 416 0
789 280 0
790 974 0
790 345 0
791 381 0
791 721 0
792 518 0
792 656 0
793 418 0
793 624 0
794 882 0
794 355 0
795 273 0
795 518 0
796 13 0
796 514 0
797 277 0
797 391 0
798 213 0
798 912 0
799 717 0
799 842 0
800 534 0
800 267 0
801 74 0
801 789 0
802 365 0
802 891 0
803 885 0
803 286 0
804 937 0
804 478 0
805 176 0
805 210 0
806 769 0
806 312 0
807 172 0
807 42 0
808 27 0
808 706 0
809 237 0
809 413 0
810 391 0
810 350 0
811 762 0
811 937 0
812 210 0
812 170 0
813 34 0
813 769 0
814 290 0
814 488 0
815 503 0
815 232 0
816 434 0
816 306 0
817 21 0
817 946 0
818 257 0
818 762 0
819 127 0
819 626 0
820 413 0
820 845 0
821 33 0
821 488 0
822 418 0
822 312 0
823 400 0
823 229 0
824 883 0
824 317 0
825 488 0
825 127 0
826 312 0
826 528 0
827 34 0
827 555 0
828 357 0
828 827 0
829 937 0
829 268 0
830 418 0
830 434 0
831 74 0
831 107 0
832 525 0
832 891 0
833 735 0
833 420 0
834 735 0
834 874 0
835 297 0
835 280 0
836 107 0
836 392 0
837 42 0
837 690 0
838 892 0
838 638 0
839 995 0
839 598 0
840 391 0
840 107 0
841 61 0
841 15 0
842 172 0
842 941 0
843 234 0
843 340 0
844 472 0
844 786 0
845 222 0
845 529 0
846 999 0
846 222 0
847 518 0
847 999 0
848 465 0
848 273 0
849 210 0
849 274 0
850 789 0
850 478 0
851 543 0
851 472 0
852 172 0
852 646 0
853 176 0
853 744 0
854 823 0
854 762 0
855 514 0
855 175 0
856 206 0
856 33 0
857 699 0
857 890 0
858 33 0
858 806 0
859 169 0
859 392 0
860 514 0
860 941 0
861 986 0
861 762 0
862 995 0
862 950 0
863 210 0
863 290 0
864 891 0
864 948 0
865 736 0
865 555 0
866 107 0
866 210 0
867 61 0
867 518 0
868 34 0
868 2 0
869 892 0
869 350 0
870 518 0
870 565 0
871 770 0
871 488 0
872 546 0
872 717 0
873 518 0
873 274 0
874 624 0
874 27 0
875 665 0
875 863 0
876 547 0
876 511 0
877 206 0
877 108 0
878 400 0
878 820 0
879 463 0
879 842 0
880 891 0
880 420 0
881 400 0
881 980 0
882 472 0
882 381 0
883 594 0
883 656 0
884 327 0
884 450 0
885 203 0
885 44 0
886 706 0
886 769 0
887 697 0
887 488 0
888 25 0
888 845 0
889 290 0
889 357 0
890 917 0
890 286 0
891 416 0
891 555 0
892 416 0
892 555 0
893 391 0
893 137 0
894 798 0
894 312 0
895 290 0
895 454 0
896 234 0
896 312 0
897 234 0
897 814 0
898 223 0
898 521 0
899 750 0
899 414 0
900 891 0
900 109 0
901 477 0
901 937 0
902 789 0
902 663 0
903 613 0
903 350 0
904 941 0
904 315 0
905 697 0
905 503 0
906 85 0
906 656 0
907 27 0
907 835 0
908 312 0
908 890 0
909 882 0
909 353 0
910 577 0
910 903 0
911 460 0
911 5 0
912 420 0
912 127 0
913 594 0
913 629 0
914 416 0
914 920 0
915 344 0
915 74 0
916 798 0
916 916 0
917 815 0
917 44 0
918 74 0
918 27 0
919 21 0
919 85 0
920 418 0
920 594 0
921 127 0
921 312 0
922 350 0
922 861 0
923 478 0
923 472 0
924 277 0
924 172 0
925 674 0
925 365 0
926 547 0
926 280 0
927 656 0
927 995 0
928 566 0
928 528 0
929 398 0
929 148 0
930 659 0
930 735 0
931 74 0
931 223 0
932 622 0
932 814 0
933 890 0
933 454 0
934 842 0
934 74 0
935 460 0
935 120 0
936 815 0
936 34 0
937 690 0
937 706 0
938 974 0
938 814 0
939 803 0
939 249 0
940 472 0
940 966 0
941 42 0
941 277 0
942 472 0
942 798 0
943 392 0
943 770 0
944 417 0
944 21 0
945 394 0
945 74 0
946 108 0
946 762 0
947 60 0
947 472 0
948 750 0
948 48 0
949 885 0
949 312 0
950 290 0
950 277 0
951 836 0
951 891 0
952 286 0
952 4 0
953 416 0
953 500 0
954 727 0
954 881 0
955 60 0
955 232 0
956 260 0
956 899 0
957 416 0
957 549 0
958 912 0
958 344 0
959 56 0
959 704 0
960 385 0
960 472 0
961 950 0
961 220 0
962 786 0
962 280 0
963 891 0
963 986 0
964 882 0
964 20 0
965 82 0
965 941 0
966 613 0
966 979 0
967 290 0
967 552 0
968 881 0
968 74 0
969 890 0
969 234 0
970 33 0
970 557 0
971 941 0
971 507 0
972 948 0
972 850 0
973 879 0
973 234 0
974 280 0
974 980 0
975 706 0
975 952 0
976 798 0
976 235 0
977 250 0
977 507 0
978 857 0
978 770 0
979 890 0
979 22 0
980 501 0
980 557 0
981 560 0
981 646 0
982 948 0
982 107 0
983 820 0
983 280 0
984 827 0
984 170 0
985 899 0
985 543 0
986 400 0
986 999 0
987 954 0
987 172 0
988 235 0
988 762 0
989 527 0
989 941 0
990 529 0
990 786 0
991 309 0
991 577 0
992 10 0
992 543 0
993 598 0
993 704 0
994 803 0
994 624 0
995 42 0
995 882 0
996 257 0
996 622 0
997 350 0
997 845 0
998 525 0
998 488 0
999 381 0
999 42 0
