100
0 37 0
0 34 0
1 51 0
1 48 0
2 5 0
2 51 0
3 51 0
3 37 0
4 96 0
4 51 0
5 30 0
5 30 1
6 10 0
6 48 0
7 5 0
7 54 0
8 51 0
8 65 0
9 87 0
9 51 0
10 54 0
10 87 0
11 5 0
11 38 0
12 54 0
12 46 0
13 51 0
13 5 0
14 65 0
14 51 0
15 38 0
15 96 0
16 51 0
16 30 0
17 48 0
17 5 0
18 14 0
18 30 0
19 75 0
19 9 0
20 43 0
20 34 0
21 51 0
21 54 0
22 69 0
22 31 0
23 51 0
23 5 0
24 37 0
24 30 0
25 30 0
25 1 0
26 94 0
26 51 0
27 91 0
27 65 0
28 72 0
28 77 0
29 48 0
29 5 0
30 38 0
30 37 0
31 51 0
31 72 0
32 51 0
32 47 0
33 51 0
33 4 0
34 94 0
34 30 0
35 51 0
35 94 0
36 23 0
36 37 0
37 4 0
37 51 0
38 51 0
38 34 0
39 37 0
39 48 0
40 81 0
40 69 0
41 48 0
41 87 0
42 51 0
42 7 0
43 94 0
43 34 0
44 48 0
44 5 0
45 5 0
45 51 0
46 51 0
46 48 0
47 5 0
47 94 0
48 51 0
48 48 0
49 4 0
49 30 0
50 51 0
50 34 0
51 5 0
51 51 0
52 77 0
52 94 0
53 43 0
53 51 0
54 37 0
54 69 0
55 72 0
55 65 0
56 77 0
56 81 0
57 7 0
57 51 0
58 7 0
58 51 0
59 51 0
59 77 0
60 51 0
60 96 0
61 34 0
61 37 0
62 48 0
62 85 0
63 51 0
63 30 0
64 10 0
64 48 0
65 34 0
65 94 0
66 34 0
66 21 0
67 34 0
67 31 0
68 7 0
68 25 0
69 5 0
69 67 0
70 10 0
70 48 0
71 81 0
71 94 0
72 51 0
72 21 0
73 51 0
73 30 0
74 51 0
74 77 0
75 51 0
75 51 1
76 65 0
76 30 0
77 47 0
77 48 0
78 5 0
78 10 0
79 17 0
79 4 0
80 5 0
80 10 0
81 21 0
81 37 0
82 72 0
82 5 0
83 21 0
83 30 0
84 48 0
84 1 0
85 37 0
85 34 0
86 48 0
86 28 0
87 5 0
87 1 0
88 72 0
88 51 0
89 77 0
89 65 0
90 51 0
90 54 0
91 51 0
91 0 0
92 51 0
92 7 0
93 85 0
93 30 0
94 7 0
94 51 0
95 94 0
95 48 0
96 5 0
96 5 1
97 38 0
97 5 0
98 51 0
98 48 0
99 46 0
99 51 0
